       0    -12712.0068882072
       1    -12712.0068860601
       2    -12712.0068853586
       3    -12712.0068853216
       4    -12712.0068851897
       5    -12712.0068839989
       6    -12712.0068836332
       7    -12712.0068786598
       8    -12712.0068780541
       9    -12712.0068771065
      10    -12712.0068752719
      11    -12712.0068745370
      12    -12712.0068724940
      13    -12712.0068715762
      14    -12712.0068712883
      15    -12712.0068706230
      16    -12712.0068694019
      17    -12712.0068651489
      18    -12712.0068640222
      19    -12712.0068632908
      20    -12712.0068628254
      21    -12712.0068612932
      22    -12712.0068611866
      23    -12712.0068603003
      24    -12712.0068596211
      25    -12712.0068564910
      26    -12712.0068517926
      27    -12712.0068486676
      28    -12712.0068470474
      29    -12712.0068422637
      30    -12712.0068378187
      31    -12712.0068334560
      32    -12712.0068322863
      33    -12712.0068293617
      34    -12712.0068288987
      35    -12712.0068281789
      36    -12712.0068255287
      37    -12712.0068238108
      38    -12712.0068171240
      39    -12712.0068170241
      40    -12712.0068156165
      41    -12712.0068143540
      42    -12712.0068141590
      43    -12712.0068100925
      44    -12712.0068087228
      45    -12712.0068039863
      46    -12712.0067972963
      47    -12712.0067970020
      48    -12712.0067953784
      49    -12712.0067932316
      50    -12712.0067921413
      51    -12712.0067912732
      52    -12712.0067860124
      53    -12712.0067838656
      54    -12712.0067822255
      55    -12712.0067777371
      56    -12712.0067744782
      57    -12712.0067706939
      58    -12712.0067666187
      59    -12712.0067639098
      60    -12712.0067597813
      61    -12712.0067522584
      62    -12712.0067519232
      63    -12712.0067502309
      64    -12712.0067433366
      65    -12712.0067406201
      66    -12712.0067312572
      67    -12712.0067297137
      68    -12712.0067270888
      69    -12712.0067266910
      70    -12712.0067260277
      71    -12712.0067246447
      72    -12712.0067234150
      73    -12712.0067202024
      74    -12712.0067164112
      75    -12712.0067131805
      76    -12712.0066965011
      77    -12712.0066945929
      78    -12712.0066890639
      79    -12712.0066737961
      80    -12712.0066696018
      81    -12712.0066592077
      82    -12712.0066530254
      83    -12712.0066496981
      84    -12712.0066438782
      85    -12712.0066399163
      86    -12712.0066356349
      87    -12712.0066292956
      88    -12712.0066257833
      89    -12712.0066126577
      90    -12712.0066097188
      91    -12712.0065863419
      92    -12712.0065792548
      93    -12712.0065633493
      94    -12712.0065304636
      95    -12712.0065007216
      96    -12712.0064498087
      97    -12712.0064341629
      98    -12712.0064157562
      99    -12712.0063332220
     100    -12712.0063070309
     101    -12712.0062871940
     102    -12712.0062753952
     103    -12712.0062336258
     104    -12712.0062144791
     105    -12712.0061939911
     106    -12712.0061895633
     107    -12712.0061316981
     108    -12712.0060983469
     109    -12712.0060723803
     110    -12712.0060663799
     111    -12712.0057809481
     112    -12712.0057373923
     113    -12712.0057218944
     114    -12712.0051200740
     115    -12711.6528673264
     116    -12711.6528648537
     117    -12711.6528622154
     118    -12711.6528619834
     119    -12711.6528612463
     120    -12711.6528577790
     121    -12711.6528564883
     122    -12711.6528559645
     123    -12711.6528519766
     124    -12711.6528434510
     125    -12711.6528429879
     126    -12711.6528426017
     127    -12711.6528392455
     128    -12711.6528382269
     129    -12711.6528356788
     130    -12711.6528347708
     131    -12711.6528326705
     132    -12711.6528309163
     133    -12711.6528297658
     134    -12711.6528283271
     135    -12711.6528269286
     136    -12711.6528255999
     137    -12711.6528199409
     138    -12711.6528162076
     139    -12711.6528107306
     140    -12711.6528075027
     141    -12711.6528006283
     142    -12711.6527893212
     143    -12711.6527875969
     144    -12711.6527821810
     145    -12711.6527712568
     146    -12711.6527528897
     147    -12711.6527498334
     148    -12711.6527358852
     149    -12711.6527326314
     150    -12711.6527316433
     151    -12711.6527062704
     152    -12711.6527058222
     153    -12711.6527015734
     154    -12711.6527006155
     155    -12711.6526958564
     156    -12711.6526890049
     157    -12711.6526710166
     158    -12711.6526707981
     159    -12711.6526693868
     160    -12711.6526626489
     161    -12711.6526585016
     162    -12711.6526554051
     163    -12711.6526538977
     164    -12711.6526506180
     165    -12711.6526494630
     166    -12711.6526372754
     167    -12711.6526248596
     168    -12711.6526237597
     169    -12711.6526064294
     170    -12711.6525999179
     171    -12711.6525932167
     172    -12711.6525929050
     173    -12711.6525858977
     174    -12711.6525846493
     175    -12711.6525844135
     176    -12711.6525768252
     177    -12711.6525681039
     178    -12711.6525600337
     179    -12711.6525597014
     180    -12711.6525591998
     181    -12711.6525578706
     182    -12711.6525506795
     183    -12711.6525415297
     184    -12711.6525412445
     185    -12711.6525372368
     186    -12711.6525352727
     187    -12711.6525328063
     188    -12711.6525289838
     189    -12711.6525266067
     190    -12711.6525208153
     191    -12711.6525192464
     192    -12711.6525134953
     193    -12711.6524952635
     194    -12711.6524917502
     195    -12711.6524891406
     196    -12711.6524885862
     197    -12711.6524755754
     198    -12711.6524641946
     199    -12711.6524597235
     200    -12711.6524473655
     201    -12711.6524335885
     202    -12711.6524251673
     203    -12711.6524126470
     204    -12711.6524107035
     205    -12711.6524056184
     206    -12711.6524005746
     207    -12711.6523979681
     208    -12711.6523957714
     209    -12711.6523734048
     210    -12711.6523666486
     211    -12711.6523611427
     212    -12711.6523436613
     213    -12711.6523044323
     214    -12711.6522989188
     215    -12711.6522821582
     216    -12711.6522696367
     217    -12711.6522574073
     218    -12711.6522400491
     219    -12711.6522381666
     220    -12711.6522241062
     221    -12711.6522039147
     222    -12711.6521943666
     223    -12711.6521170534
     224    -12711.6520753075
     225    -12711.6520608910
     226    -12711.6520391807
     227    -12711.6520355320
     228    -12711.6520282783
     229    -12711.6520225933
     230    -12711.6519716493
     231    -12711.6519420038
     232    -12711.6519059055
     233    -12711.6518172786
     234    -12711.6517321137
     235    -12711.6460704570
     236    -12711.6460674888
     237    -12711.6460599687
     238    -12711.6460589764
     239    -12711.6460586982
     240    -12711.6460581429
     241    -12711.6460565252
     242    -12711.6460507935
     243    -12711.6460496189
     244    -12711.6460374515
     245    -12711.6460327361
     246    -12711.6460295459
     247    -12711.6460258513
     248    -12711.6460234254
     249    -12711.6460208979
     250    -12711.6460134058
     251    -12711.6460023229
     252    -12711.6459967996
     253    -12711.6459834835
     254    -12711.6459832880
     255    -12711.6459761049
     256    -12711.6459708377
     257    -12711.6459692927
     258    -12711.6459665065
     259    -12711.6459609043
     260    -12711.6459589072
     261    -12711.6459571772
     262    -12711.6459473437
     263    -12711.6459400329
     264    -12711.6459368779
     265    -12711.6459361303
     266    -12711.6459309288
     267    -12711.6459048796
     268    -12711.6459040725
     269    -12711.6459014821
     270    -12711.6458956768
     271    -12711.6458939896
     272    -12711.6458896088
     273    -12711.6458521881
     274    -12711.6458508078
     275    -12711.6458468580
     276    -12711.6458446166
     277    -12711.6458317167
     278    -12711.6458226119
     279    -12711.6458182599
     280    -12711.6458033779
     281    -12711.6457874640
     282    -12711.6457842539
     283    -12711.6457393961
     284    -12711.6457294358
     285    -12711.6457231023
     286    -12711.6457174761
     287    -12711.6457153262
     288    -12711.6456621098
     289    -12711.6456600947
     290    -12711.6456274907
     291    -12711.6456110822
     292    -12711.6456090634
     293    -12711.6455803119
     294    -12711.6455610899
     295    -12711.6455563541
     296    -12711.6455561995
     297    -12711.6455461224
     298    -12711.6455376493
     299    -12711.6455320988
     300    -12711.6455305648
     301    -12711.6455100336
     302    -12711.6455099608
     303    -12711.6454729932
     304    -12711.6454156387
     305    -12711.6453432243
     306    -12711.6453252083
     307    -12711.6452281380
     308    -12711.6451581898
     309    -12711.6449799314
     310    -12711.6449522409
     311    -12711.6448518339
     312    -12711.3179629383
     313    -12711.3179475128
     314    -12711.3179429647
     315    -12711.3179405458
     316    -12711.3179396865
     317    -12711.3179292050
     318    -12711.3179213696
     319    -12711.3179097148
     320    -12711.3179023745
     321    -12711.3178864768
     322    -12711.3178734634
     323    -12711.3178650563
     324    -12711.3178601816
     325    -12711.3178521845
     326    -12711.3178392250
     327    -12711.3178246487
     328    -12711.3178052728
     329    -12711.3177987639
     330    -12711.3177550205
     331    -12711.3177454971
     332    -12711.3177425362
     333    -12711.3177411230
     334    -12711.3176960614
     335    -12711.3176652160
     336    -12711.3176590807
     337    -12711.3176556490
     338    -12711.3176308067
     339    -12711.3176302040
     340    -12711.3176161407
     341    -12711.3176133620
     342    -12711.3175638728
     343    -12711.3175456051
     344    -12711.3174001158
     345    -12711.3173245610
     346    -12711.3173098474
     347    -12711.3172509167
     348    -12711.3172407337
     349    -12711.3172025770
     350    -12711.3170895573
     351    -12711.3170378328
     352    -12711.3170278273
     353    -12711.3170168195
     354    -12711.3169688120
     355    -12711.3169336437
     356    -12711.3168617259
     357    -12711.3168448673
     358    -12711.3167977277
     359    -12711.3167661818
     360    -12711.3164448700
     361    -12711.3161421785
     362    -12711.3159694875
     363    -12711.2687636241
     364    -12711.2687495804
     365    -12711.2687491099
     366    -12711.2687486261
     367    -12711.2687449503
     368    -12711.2687337280
     369    -12711.2687319595
     370    -12711.2687163690
     371    -12711.2687137633
     372    -12711.2687107951
     373    -12711.2687103725
     374    -12711.2687084880
     375    -12711.2687079864
     376    -12711.2687076086
     377    -12711.2686976230
     378    -12711.2686965617
     379    -12711.2686911528
     380    -12711.2686900112
     381    -12711.2686879443
     382    -12711.2686715109
     383    -12711.2686679937
     384    -12711.2686676602
     385    -12711.2686647997
     386    -12711.2686627702
     387    -12711.2686604729
     388    -12711.2686580934
     389    -12711.2686468615
     390    -12711.2686379975
     391    -12711.2686345906
     392    -12711.2686256379
     393    -12711.2686226790
     394    -12711.2686115558
     395    -12711.2686079461
     396    -12711.2685999106
     397    -12711.2685980896
     398    -12711.2685797477
     399    -12711.2685785264
     400    -12711.2685764356
     401    -12711.2685718323
     402    -12711.2685665999
     403    -12711.2685634519
     404    -12711.2685455125
     405    -12711.2685406071
     406    -12711.2685369982
     407    -12711.2685233188
     408    -12711.2685194235
     409    -12711.2684979404
     410    -12711.2684846240
     411    -12711.2684801683
     412    -12711.2684753605
     413    -12711.2684737031
     414    -12711.2684696603
     415    -12711.2684688547
     416    -12711.2684649412
     417    -12711.2684643012
     418    -12711.2684628084
     419    -12711.2684613747
     420    -12711.2684592489
     421    -12711.2684523672
     422    -12711.2684417747
     423    -12711.2684385491
     424    -12711.2684248908
     425    -12711.2684240591
     426    -12711.2684199120
     427    -12711.2684064026
     428    -12711.2683983702
     429    -12711.2683955325
     430    -12711.2683760067
     431    -12711.2683753697
     432    -12711.2683410994
     433    -12711.2683391798
     434    -12711.2683377300
     435    -12711.2683014848
     436    -12711.2682842025
     437    -12711.2682642322
     438    -12711.2682587961
     439    -12711.2682398996
     440    -12711.2682335573
     441    -12711.2682310700
     442    -12711.2682156799
     443    -12711.2682114979
     444    -12711.2681905655
     445    -12711.2681744187
     446    -12711.2681742759
     447    -12711.2681626170
     448    -12711.2681530932
     449    -12711.2681481686
     450    -12711.2681458712
     451    -12711.2681427549
     452    -12711.2681360277
     453    -12711.2681023221
     454    -12711.2680721935
     455    -12711.2680426915
     456    -12711.2680275500
     457    -12711.2679982495
     458    -12711.2679539678
     459    -12711.2679434470
     460    -12711.2679221850
     461    -12711.2679119993
     462    -12711.2678354308
     463    -12711.2678270151
     464    -12711.2677528510
     465    -12711.2677383398
     466    -12711.2675941034
     467    -12711.2675780116
     468    -12711.2675638675
     469    -12711.2675020005
     470    -12711.2674789856
     471    -12711.2673135641
     472    -12711.2672858182
     473    -12711.2672171716
     474    -12711.2452722363
     475    -12711.2452569970
     476    -12711.2452499668
     477    -12711.2452444403
     478    -12711.2452415148
     479    -12711.2452375240
     480    -12711.2452374417
     481    -12711.2452368195
     482    -12711.2452273652
     483    -12711.2452266001
     484    -12711.2452195926
     485    -12711.2451981908
     486    -12711.2451810797
     487    -12711.2451618504
     488    -12711.2451193908
     489    -12711.2450973338
     490    -12711.2450769436
     491    -12711.2450459767
     492    -12711.2450007717
     493    -12711.2449887256
     494    -12711.2449851002
     495    -12711.2449555484
     496    -12711.2449225775
     497    -12711.2449117786
     498    -12711.2449101459
     499    -12711.2448913134
     500    -12711.2448695873
     501    -12711.2448329506
     502    -12711.2448282839
     503    -12711.2448254139
     504    -12711.2448101068
     505    -12711.2447816433
     506    -12711.2447644987
     507    -12711.2447602414
     508    -12711.2447586911
     509    -12711.2447436323
     510    -12711.2447055727
     511    -12711.2446759462
     512    -12711.2446480599
     513    -12711.2445817528
     514    -12711.2445097810
     515    -12711.2443780381
     516    -12711.2443376725
     517    -12711.2442408833
     518    -12711.2441454961
     519    -12711.2441114205
     520    -12711.2441062651
     521    -12711.2440948698
     522    -12711.2440351312
     523    -12711.2439684767
     524    -12711.2438349482
     525    -12711.2435626996
     526    -12711.2433952579
     527    -12710.8791681000
     528    -12710.8791527897
     529    -12710.8791482562
     530    -12710.8791433402
     531    -12710.8791178960
     532    -12710.8791059796
     533    -12710.8791056101
     534    -12710.8790827079
     535    -12710.8790772962
     536    -12710.8790508705
     537    -12710.8790423744
     538    -12710.8790380425
     539    -12710.8790295121
     540    -12710.8789534508
     541    -12710.8789361866
     542    -12710.8789327650
     543    -12710.8789314319
     544    -12710.8789198396
     545    -12710.8788976691
     546    -12710.8788908618
     547    -12710.8788782058
     548    -12710.8788769815
     549    -12710.8788718820
     550    -12710.8788187769
     551    -12710.8788114372
     552    -12710.8787559110
     553    -12710.8787529262
     554    -12710.8787258613
     555    -12710.8786781994
     556    -12710.8786750465
     557    -12710.8786657573
     558    -12710.8786540657
     559    -12710.8786404689
     560    -12710.8786165336
     561    -12710.8786086842
     562    -12710.8785589492
     563    -12710.8785428165
     564    -12710.8785110783
     565    -12710.8784236913
     566    -12710.8784147407
     567    -12710.8783087121
     568    -12710.8782955526
     569    -12710.8782706530
     570    -12710.8782365038
     571    -12710.8781613187
     572    -12710.8780238594
     573    -12710.8778927010
     574    -12710.8777451797
     575    -12710.8768378783
     576    -12710.2067645691
     577    -12710.2067535363
     578    -12710.2067503447
     579    -12710.2067434480
     580    -12710.2067386486
     581    -12710.2067371648
     582    -12710.2067366532
     583    -12710.2067364316
     584    -12710.2067230778
     585    -12710.2067206483
     586    -12710.2067144659
     587    -12710.2067124612
     588    -12710.2067099850
     589    -12710.2067038652
     590    -12710.2066979955
     591    -12710.2066861210
     592    -12710.2066813961
     593    -12710.2066580607
     594    -12710.2066567599
     595    -12710.2066518655
     596    -12710.2066337079
     597    -12710.2066319542
     598    -12710.2066019450
     599    -12710.2065994636
     600    -12710.2065761381
     601    -12710.2065707631
     602    -12710.2065452340
     603    -12710.2064751780
     604    -12710.2063453215
     605    -12710.2063255853
     606    -12710.2063127711
     607    -12710.2062692534
     608    -12710.2062645818
     609    -12710.2062361221
     610    -12710.2062202135
     611    -12710.2062032325
     612    -12710.2061814187
     613    -12710.2061706657
     614    -12710.2061704993
     615    -12710.2061689481
     616    -12710.2060511621
     617    -12710.2060342438
     618    -12710.2058511771
     619    -12710.2057478668
     620    -12710.2056722386
     621    -12710.2054257959
     622    -12710.2052163392
     623    -12710.2052087836
     624    -12710.1810546327
     625    -12710.1809847658
     626    -12710.1809775009
     627    -12710.1809608059
     628    -12710.1809606221
     629    -12710.1809567288
     630    -12710.1809500023
     631    -12710.1808841571
     632    -12710.1808512390
     633    -12710.1808331242
     634    -12710.1808286328
     635    -12710.1808263576
     636    -12710.1808178483
     637    -12710.1807737314
     638    -12710.1807670258
     639    -12710.1807001679
     640    -12710.1806956742
     641    -12710.1806713158
     642    -12710.1806597271
     643    -12710.1805284056
     644    -12710.1804985340
     645    -12710.1804716242
     646    -12710.1804577926
     647    -12710.1804423523
     648    -12710.1803467228
     649    -12710.1801770932
     650    -12710.1800045591
     651    -12710.1799244095
     652    -12710.1795911269
     653    -12709.8551686228
     654    -12709.8551627766
     655    -12709.8551451348
     656    -12709.8551381368
     657    -12709.8551207966
     658    -12709.8551203203
     659    -12709.8551184310
     660    -12709.8551123413
     661    -12709.8551112920
     662    -12709.8551037399
     663    -12709.8551031517
     664    -12709.8550990565
     665    -12709.8550971213
     666    -12709.8550873267
     667    -12709.8550621894
     668    -12709.8550370614
     669    -12709.8550290907
     670    -12709.8549762861
     671    -12709.8549534550
     672    -12709.8549407839
     673    -12709.8548794619
     674    -12709.8548654591
     675    -12709.8548388856
     676    -12709.8547622950
     677    -12709.8546044574
     678    -12709.8545970744
     679    -12709.8545685171
     680    -12709.8544845947
     681    -12709.8543266979
     682    -12709.8541857542
     683    -12709.8533644203
     684    -12709.7753573332
     685    -12709.7753524624
     686    -12709.7753386527
     687    -12709.7753145908
     688    -12709.7753105870
     689    -12709.7753032270
     690    -12709.7752748420
     691    -12709.7752728094
     692    -12709.7752643378
     693    -12709.7752511450
     694    -12709.7752405673
     695    -12709.7750889961
     696    -12709.7750884505
     697    -12709.7750827804
     698    -12709.7750764697
     699    -12709.7750599077
     700    -12709.7750563037
     701    -12709.7750211313
     702    -12709.7749694385
     703    -12709.7749420034
     704    -12709.7749209070
     705    -12709.7748025990
     706    -12709.7746116134
     707    -12709.7746084536
     708    -12709.7745878367
     709    -12709.7745850653
     710    -12709.7745755189
     711    -12709.7745701211
     712    -12709.7745618043
     713    -12709.7743082596
     714    -12709.7741430863
     715    -12709.7740897572
     716    -12709.7740597979
     717    -12709.6360123657
     718    -12709.6029928529
     719    -12708.5309538773
     720    -12708.5309050449
     721    -12708.5307729746
     722    -12708.5307517785
     723    -12708.5307471745
     724    -12708.5304882754
     725    -12708.5304787388
     726    -12708.5300606316
     727    -12708.5292186465
