       0    -12712.0068882072
       1    -12711.6528673264
       2    -12711.6528648537
       3    -12711.6460704570
       4    -12711.6460599687
       5    -12711.3179629383
       6    -12711.3179405458
       7    -12711.2687636241
       8    -12711.2687486261
       9    -12711.2452722363
      10    -12710.8791681000
      11    -12710.8791527897
      12    -12710.2067645691
      13    -12710.2067144659
      14    -12710.1810546327
      15    -12710.1809847658
      16    -12709.8551686228
      17    -12709.8551381368
      18    -12709.7753573332
      19    -12709.7753524624
      20    -12709.6360123657
      21    -12709.6029928529
      22    -12708.5309538773
      23    -12708.5304787388
