Number of conformers after Marks filtering 11
           Conformer            #Rotamers
                   0                    2
                   1                    0
                   2                    1
                   3                    0
                   4                    2
                   5                    0
                   6                    0
                   7                    0
                   8                    0
                   9                    0
                  10                    0
       0      178.8      178.7      179.6
       1      180.8      183.8      290.9
       2       70.6      177.9      180.5
       3      183.2      289.9      183.7
       4      175.6       69.8      176.3
       5       69.6      173.8       69.7
       6       66.6       67.4      176.4
       7       70.4      179.9      289.4
       8       64.2       62.7       64.5
       9      295.2      297.4      295.6
      10      287.5      261.5       66.3

