duplicate:        5        4
duplicate:       12        1
duplicate:       22        8
duplicate:       23       13
duplicate:       24       14
duplicate:       25        7
duplicate:       26        2
Number of conformers after Marks filtering 20
           Conformer            #Rotamers
                   0                    0
                   1                    1
                   2                    1
                   3                    0
                   4                    0
                   5                    0
                   6                    0
                   7                    1
                   8                    1
                   9                    1
                  10                    0
                  11                    0
                  12                    0
                  13                    1
                  14                    1
                  15                    0
                  16                    0
                  17                    0
                  18                    0
                  19                    0
       0      181.2      180.0      178.9
       1      180.0      176.1       68.8
       2      291.2      184.0      179.9
       3      176.3       69.6      175.6
       4      184.4      290.4      183.7
       5       69.3      172.8       68.0
       6      292.0      187.2      290.7
       7      175.1       66.3       65.3
       8      185.1      293.8      294.7
       9      290.3      180.0       69.7
      10       64.3       61.6       64.0
      11      296.0      298.4      295.7
      12      180.5      262.1       66.7
      13      172.0       81.1      276.8
      14      185.8      274.4       83.4
      15      294.5      293.1       99.1
      16      261.1       67.0       65.7
      17       64.1       76.8      273.3
      18       86.7      283.2      295.9
      19      262.7       69.5      260.8

