Exactly the same conformers as found in Confs10000_strict
--------------------
Number of conformers after Marks filtering 22
           Conformer            #Rotamers
                   0                    1
                   1                    1
                   2                    1
                   3                    1
                   4                    3
                   5                    1
                   6                    3
                   7                    1
                   8                    1
                   9                    1
                  10                    0
                  11                    1
                  12                    1
                  13                    1
                  14                    1
                  15                    1
                  16                    1
                  17                    1
                  18                    1
                  19                    1
                  20                    0
                  21                    0
       0      180.0      180.0      180.0
       1      290.5      183.2      180.1
       2       69.5      176.8      179.9
       3      183.4      289.9      183.4
       4      176.6       70.1      176.6
       5      290.7      186.5      290.7
       6       69.3      173.6       69.3
       7      176.1       67.4       66.5
       8      293.5      292.7      183.9
       9      289.7      180.0       70.3
      10       64.5       62.6       64.5
      11      295.5      297.4      295.5
      12       66.5      261.9      180.6
      13      179.4       98.1      293.5
      14       97.9      293.0      186.6
      15      262.1       67.0      173.4
      16      287.5      260.8       66.4
      17      293.6       99.2       72.5
      18      260.6       66.8       65.9
      19      294.1      293.2       99.4
      20      261.8       69.7      261.8
      21       98.2      290.3       98.2

