Number 24 has extremely high overlap between C1 and C6, so it cannot exist.
(66 290 66 cannot work, so rearranges)
The other 7 duplicates are due to symmetry
-------------------------------
       0      180.0      180.0      180.0
       1      290.5      183.2      180.1
       2       69.5      176.8      179.9
       3      183.4      289.9      183.4
       4      176.6       70.1      176.6
       5      293.5      292.7      183.9
       6      293.5       98.1      179.4
       7       97.9      293.0      186.6
       8       66.5       67.4      176.1
       9      180.1      183.2      290.5
      10      179.9      176.8       69.5
      11      290.8      186.5      290.7
      12      289.7      180.0       70.3
      13       70.3      180.0      289.7
      14       69.3      173.5       69.2
      15      183.9      292.6      293.5
      16      180.6      261.9       66.5
      17      173.4       67.0      262.1
      18      176.1       67.3       66.5
      19      295.5      297.4      295.5
      20      294.1      293.2       99.4
      21      261.8       69.7      261.8
      22      260.6       66.8       65.9
      23       99.4      293.2      294.1
      24      180.6      261.9       66.5
      25       65.9       66.8      260.6
      26       64.5       62.6       64.5
duplicate:        9        1        1
duplicate:       10        2        1
duplicate:       13       10        1
duplicate:       15        5        1
duplicate:       18        8        1
duplicate:       23       15        1
duplicate:       24       12        0
duplicate:       25       17        1
Number of conformers after Marks filtering 19
           Conformer            #Rotamers
                   0                    0
                   1                    1
                   2                    1
                   3                    0
                   4                    0
                   5                    0
                   6                    0
                   7                    1
                   8                    1
                   9                    1
                  10                    0
                  11                    0
                  12                    0
                  13                    0
                  14                    0
                  15                    0
                  16                    1
                  17                    1
                  18                    0
       0      180.0      180.0      180.0
       1      179.9      176.8       69.5
       2      290.5      183.2      180.1
       3      176.6       70.1      176.6
       4      183.4      289.9      183.4
       5       69.3      173.5       69.2
       6      290.8      186.5      290.7
       7      176.1       67.3       66.5
       8      183.9      292.6      293.5
       9      289.7      180.0       70.3
      10       64.5       62.6       64.5
      11      295.5      297.4      295.5
      12      180.6      261.9       66.5
      13      293.5       98.1      179.4
      14       97.9      293.0      186.6
      15      173.4       67.0      262.1
      16      260.6       66.8       65.9
      17      294.1      293.2       99.4
      18      261.8       69.7      261.8

