I compared this conformer set to the one created by rotating over 60 degrees
- The smaller set does not contain any conformers that the bigger set does not have 
---------------------------------------------------------------------------------
nats:  20
Original number of conformers:  26
Number of conformers in subset:  22

###########################
Lowest relative energy:         0.0000000000 kcal/mol
###########################

Quality lowest energy conformers (between 0 and 1):  1.0
Total number of comformers:  26
Indices test set in combined set:  [0, 1, 2, 3, 4, 6, 5, 7, 8, 9, 10, 11, 14, 13, 16, 15, 18, 17, 19, 20, 23, 24]

###########################
Fraction of conformers found:  0.8461538461538461
###########################

[4, 3, 3, 4, 4, 3, 3, 6, 6, 3, 6, 6, 1, 6, 6, 6, 6, 6, 6, 5, 5, 5, 3, 5, 5, 2]
[4, 3, 3, 4, 4, 3, 3, 6, 6, 3, 6, 6, 6, 6, 6, 6, 6, 6, 5, 5, 5, 5]
nclusters:  6

###########################
Fraction of clusters in testset:  0.6666666666666666
###########################
---------------------------------------------------------------------------------

Number of conformers after Marks filtering 26
           Conformer            #Rotamers
                   0                    2
                   1                    1
                   2                    1
                   3                    3
                   4                    2
                   5                    4
                   6                    3
                   7                    1
                   8                    1
                   9                    3
                  10                    2
                  11                    2
                  12                    0
                  13                    1
                  14                    1
                  15                    1
                  16                    1
                  17                    1
                  18                    1
                  19                    1
                  20                    1
                  21                    0
                  22                    0
                  23                    2
                  24                    2
                  25                    0
       0      180.0      180.0      180.0
       1      290.5      183.2      180.1
       2       69.5      176.8      179.8
       3      183.4      289.9      183.4
       4      176.6       70.1      176.6
       5       69.3      173.5       69.3
       6      290.7      186.4      290.7
       7       66.5       67.4      176.1
       8      293.5      292.6      183.9
       9      289.7      180.0       70.3
      10       64.5       62.6       64.5
      11      295.5      297.4      295.5
      12       98.1      179.4       77.4
      13      293.5       98.1      179.4
      14       66.5      261.9      180.6
      15      262.1       67.0      173.4
      16       97.9      293.0      186.6
      17      293.6       99.2       72.5
      18       66.4      260.8      287.5
      19       65.9       66.8      260.6
      20      294.1      293.2       99.4
      21       64.4       81.5      277.3
      22      290.0      182.5      238.7
      23      261.8       69.7      261.8
      24       98.2      290.3       98.2
      25      288.6       98.2      290.3

