Number of conformers after Marks filtering 25
           Conformer            #Rotamers
                   0                    3
                   1                    1
                   2                    1
                   3                    3
                   4                    2
                   5                    2
                   6                    3
                   7                    1
                   8                    1
                   9                    3
                  10                    3
                  11                    2
                  12                    1
                  13                    1
                  14                    1
                  15                    1
                  16                    0
                  17                    0
                  18                    1
                  19                    1
                  20                    1
                  21                    0
                  22                    0
                  23                    0
                  24                    0
       0      178.8      178.7      179.6
       1      179.8      183.5      290.2
       2       70.6      177.9      180.5
       3      176.9       70.2      176.7
       4      184.6      289.7      182.8
       5      290.5      185.4      290.4
       6       68.6      173.4       68.6
       7      183.9      292.7      293.5
       8       66.7       67.3      175.9
       9       70.4      179.9      289.4
      10       64.8       62.7       64.3
      11      295.2      297.4      295.6
      12      180.6      262.1       66.7
      13      179.9       98.8      293.5
      14       97.5      293.1      187.2
      15      261.4       66.3      173.6
      16      189.2      280.3       83.8
      17      171.7       83.1      278.3
      18      293.6       99.0       72.4
      19      288.0      260.8       66.2
      20       66.3       66.6      260.3
      21      289.6      180.5      180.0
      22       64.1       80.5      276.5
      23      179.7      177.0       69.9
      24      261.1       68.6      269.4

