Number of conformers after Marks filtering 81
           Conformer            #Rotamers
                   0                    1
                   1                    1
                   2                    1
                   3                    3
                   4                    3
                   5                    2
                   6                    2
                   7                    1
                   8                    1
                   9                    2
                  10                    1
                  11                    0
                  12                    1
                  13                    1
                  14                    1
                  15                    1
                  16                    3
                  17                    3
                  18                    0
                  19                    0
                  20                    1
                  21                    0
                  22                    1
                  23                    1
                  24                    1
                  25                    0
                  26                    1
                  27                    1
                  28                    1
                  29                    0
                  30                    0
                  31                    0
                  32                    1
                  33                    1
                  34                    0
                  35                    0
                  36                    0
                  37                    1
                  38                    1
                  39                    1
                  40                    1
                  41                    0
                  42                    0
                  43                    1
                  44                    0
                  45                    1
                  46                    1
                  47                    0
                  48                    0
                  49                    0
                  50                    0
                  51                    0
                  52                    1
                  53                    1
                  54                    0
                  55                    0
                  56                    0
                  57                    0
                  58                    1
                  59                    0
                  60                    0
                  61                    0
                  62                    0
                  63                    0
                  64                    0
                  65                    0
                  66                    0
                  67                    1
                  68                    1
                  69                    0
                  70                    0
                  71                    0
                  72                    0
                  73                    0
                  74                    0
                  75                    0
                  76                    1
                  77                    1
                  78                    0
                  79                    0
                  80                    0
       0      181.2      180.0      178.9
       1      290.9      183.5      180.6
       2       70.0      176.8      180.0
       3      183.2      289.7      183.7
       4      175.8       69.5      175.6
       5      290.6      186.4      290.8
       6       67.2      172.1       67.7
       7       66.2       67.3      176.3
       8      293.3      292.3      184.0
       9      289.3      179.3       70.0
      10       61.6       62.2      174.0
      11      284.3      180.0      287.5
      12      299.0      296.9      187.9
      13       76.9      182.1       73.2
      14       73.3       75.7      183.2
      15      176.8      284.1      286.7
      16      295.3      297.4      295.7
      17       64.4       63.0       65.3
      18       62.1       60.2       63.6
      19      290.2      290.2      289.3
      20       66.4      262.0      181.0
      21       96.5      179.0       79.0
      22      292.9       99.3      181.5
      23      173.7       67.3      261.9
      24       98.8      290.3      188.9
      25      195.0      290.0       88.5
      26       83.2      278.9      188.0
      27      277.2       81.4      171.7
      28      179.8      240.7      180.0
      29      179.9      119.4      180.2
      30      179.5      180.4      238.3
      31      121.7      180.1      181.2
      32       66.5      261.4      287.5
      33      291.8       96.8       71.7
      34      125.5      289.2      179.9
      35      180.1       70.8      234.6
      36       71.0      266.0      291.0
      37      294.0      293.2       99.6
      38       66.1       68.7      261.6
      39      179.9      242.1      290.0
      40       69.9      118.1      180.0
      41      179.3       70.2      118.8
      42      241.3      289.8      180.7
      43       63.0       68.6      265.1
      44      104.8      293.3      291.1
      45       72.7      269.6      293.2
      46       66.8       87.9      283.0
      47       69.0       92.6      282.9
      48       69.5      241.2      290.3
      49       69.7      118.8      290.5
      50      277.7       81.3       64.0
      51      290.0      182.6      238.7
      52       81.8      282.2      300.1
      53       73.2      275.5      297.7
      54       69.8      177.5      237.8
      55      121.9      183.1      290.0
      56       85.6      276.9      293.5
      57       63.2       77.9      279.7
      58       70.2       70.1      233.0
      59      237.0       67.6       69.3
      60      290.3      291.4      125.3
      61      289.8      244.3      289.1
      62       70.8      115.7       70.1
      63       68.4       68.5      118.6
      64      241.6      291.5      291.6
      65      293.8       88.1      115.5
      66      243.5      272.4       66.4
      67      261.9       69.6      261.7
      68      100.4      290.1       96.3
      69      254.7       72.6      269.0
      70      287.1      106.8      286.1
      71       90.2      287.0      107.8
      72      242.3       79.1      276.8
      73      180.0        0.1      180.0
      74       84.4      282.6      114.1
      75       91.6      288.0      291.9
      76      119.0      292.4      121.1
      77      244.0       67.5      240.2
      78      242.3      120.8      290.2
      79       69.8      239.2      117.9
      80      121.9      359.5      237.8

