Number of conformers after Marks filtering 62
           Conformer            #Rotamers
                   0                    4
                   1                    1
                   2                    1
                   3                    4
                   4                    4
                   5                    3
                   6                    4
                   7                    1
                   8                    1
                   9                    4
                  10                    5
                  11                    3
                  12                    0
                  13                    1
                  14                    1
                  15                    1
                  16                    1
                  17                    1
                  18                    1
                  19                    0
                  20                    1
                  21                    1
                  22                    1
                  23                    1
                  24                    1
                  25                    1
                  26                    0
                  27                    0
                  28                    0
                  29                    1
                  30                    1
                  31                    0
                  32                    0
                  33                    0
                  34                    0
                  35                    1
                  36                    1
                  37                    0
                  38                    0
                  39                    0
                  40                    1
                  41                    0
                  42                    0
                  43                    0
                  44                    0
                  45                    1
                  46                    0
                  47                    0
                  48                    0
                  49                    0
                  50                    0
                  51                    0
                  52                    0
                  53                    0
                  54                    0
                  55                    0
                  56                    1
                  57                    0
                  58                    0
                  59                    0
                  60                    0
                  61                    0
       0      178.8      178.7      179.6
       1      290.2      183.2      180.1
       2       70.6      177.9      180.5
       3      183.2      289.4      183.0
       4      177.5       71.5      177.3
       5      290.1      186.2      290.9
       6       69.9      174.3       69.4
       7       66.7       67.3      175.9
       8      183.1      292.6      293.0
       9       70.4      179.9      289.4
      10      296.2      297.8      295.6
      11       64.8       63.6       65.0
      12      293.5      293.9      293.7
      13      180.3       98.5      293.7
      14       67.3      261.8      179.4
      15       97.4      293.1      186.9
      16      173.6       66.6      261.5
      17      189.1      278.5       82.5
      18      173.1       83.5      278.0
      19      180.4      237.7      179.9
      20      180.6      121.2      179.8
      21      122.4      179.3      180.4
      22      179.7      178.8      237.9
      23      179.3      180.2      179.8
      24      293.7       99.4       72.2
      25      288.0      260.8       66.2
      26       70.2      235.9      179.9
      27      179.0       70.7      234.9
      28      124.2      289.3      181.0
      29      261.6       66.9       65.4
      30      100.5      293.5      293.0
      31      180.3      118.4       70.1
      32      179.1       70.5      117.1
      33      290.6      241.4      180.2
      34      180.1      288.9      242.6
      35      289.9      180.8      179.4
      36      290.0      240.5       69.5
      37       69.4      121.0      290.6
      38       64.0       81.5      276.7
      39      289.3      182.2      239.9
      40      180.3      176.8       69.6
      41      119.5      183.3      291.1
      42       71.0      177.9      239.0
      43      176.0       70.3      176.7
      44      183.8      289.4      183.1
      45      235.7       68.6       69.3
      46      124.6      291.5      290.1
      47       70.9      114.4       70.5
      48      289.0      182.1      289.5
      49       69.7       68.3      118.1
      50      290.0      291.2      242.0
      51      291.3      288.9      182.9
      52      293.7       87.5      117.8
      53       66.7      271.9      245.3
      54       89.2      294.1      185.5
      55      261.9       69.5      262.1
      56       98.4      290.4       98.2
      57        0.0      180.1      180.4
      58      293.6       99.3       68.1
      59      123.5      290.2      109.5
      60      239.4      177.5       70.6
      61      261.1       68.6      269.4

